1714
2.878666 -4.571999
2.878666 -4.487332
2.963333 -4.487332
3.047999 -4.487332
2.878666 -4.402665
2.963333 -4.402665
3.047999 -4.402665
3.132666 -4.402665
2.793999 -4.317999
2.878666 -4.317999
2.963333 -4.317999
3.047999 -4.317999
3.132666 -4.317999
2.793999 -4.233332
2.878666 -4.233332
2.963333 -4.233332
3.047999 -4.233332
3.132666 -4.233332
3.217333 -4.233332
2.709333 -4.148665
2.793999 -4.148665
2.878666 -4.148665
2.963333 -4.148665
3.047999 -4.148665
3.132666 -4.148665
3.217333 -4.148665
3.301999 -4.148665
2.624666 -4.063999
2.709333 -4.063999
2.793999 -4.063999
2.878666 -4.063999
2.963333 -4.063999
3.047999 -4.063999
3.132666 -4.063999
2.539999 -3.979332
2.624666 -3.979332
2.709333 -3.979332
2.793999 -3.979332
2.878666 -3.979332
2.963333 -3.979332
3.047999 -3.979332
2.539999 -3.894665
2.624666 -3.894665
2.709333 -3.894665
2.793999 -3.894665
2.878666 -3.894665
2.963333 -3.894665
2.539999 -3.809999
2.624666 -3.809999
2.709333 -3.809999
2.793999 -3.809999
2.878666 -3.809999
2.963333 -3.809999
2.455333 -3.725332
2.539999 -3.725332
2.624666 -3.725332
2.709333 -3.725332
2.793999 -3.725332
2.878666 -3.725332
3.386666 -3.725332
3.555999 -3.725332
2.370666 -3.640665
2.455333 -3.640665
2.539999 -3.640665
2.624666 -3.640665
2.709333 -3.640665
2.793999 -3.640665
3.301999 -3.640665
3.386666 -3.640665
3.471333 -3.640665
3.555999 -3.640665
3.640666 -3.640665
2.370666 -3.555999
2.455333 -3.555999
2.539999 -3.555999
2.624666 -3.555999
2.709333 -3.555999
3.217333 -3.555999
3.301999 -3.555999
3.386666 -3.555999
3.471333 -3.555999
3.555999 -3.555999
3.640666 -3.555999
3.725333 -3.555999
2.285999 -3.471332
2.370666 -3.471332
2.455333 -3.471332
2.539999 -3.471332
2.624666 -3.471332
3.217333 -3.471332
3.301999 -3.471332
3.386666 -3.471332
3.471333 -3.471332
3.555999 -3.471332
3.640666 -3.471332
3.725333 -3.471332
3.809999 -3.471332
2.201333 -3.386665
2.285999 -3.386665
2.370666 -3.386665
2.455333 -3.386665
2.539999 -3.386665
2.624666 -3.386665
3.132666 -3.386665
3.217333 -3.386665
3.301999 -3.386665
3.386666 -3.386665
3.471333 -3.386665
3.555999 -3.386665
3.640666 -3.386665
3.725333 -3.386665
3.809999 -3.386665
2.201333 -3.301999
2.285999 -3.301999
2.370666 -3.301999
2.455333 -3.301999
2.539999 -3.301999
3.047999 -3.301999
3.132666 -3.301999
3.217333 -3.301999
3.301999 -3.301999
3.386666 -3.301999
3.471333 -3.301999
3.555999 -3.301999
3.640666 -3.301999
2.116666 -3.217332
2.201333 -3.217332
2.285999 -3.217332
2.370666 -3.217332
2.455333 -3.217332
2.963333 -3.217332
3.047999 -3.217332
3.132666 -3.217332
3.217333 -3.217332
3.301999 -3.217332
3.386666 -3.217332
3.471333 -3.217332
3.555999 -3.217332
2.116666 -3.132665
2.201333 -3.132665
2.285999 -3.132665
2.370666 -3.132665
2.455333 -3.132665
2.878666 -3.132665
2.963333 -3.132665
3.047999 -3.132665
3.132666 -3.132665
3.217333 -3.132665
3.301999 -3.132665
3.386666 -3.132665
3.471333 -3.132665
2.031999 -3.047999
2.116666 -3.047999
2.201333 -3.047999
2.285999 -3.047999
2.370666 -3.047999
2.793999 -3.047999
2.878666 -3.047999
2.963333 -3.047999
3.047999 -3.047999
3.132666 -3.047999
3.217333 -3.047999
3.301999 -3.047999
3.894666 -3.047999
3.979333 -3.047999
4.063999 -3.047999
4.148666 -3.047999
1.947333 -2.963332
2.031999 -2.963332
2.116666 -2.963332
2.201333 -2.963332
2.285999 -2.963332
2.709333 -2.963332
2.793999 -2.963332
2.878666 -2.963332
2.963333 -2.963332
3.047999 -2.963332
3.132666 -2.963332
3.217333 -2.963332
3.809999 -2.963332
3.894666 -2.963332
3.979333 -2.963332
4.063999 -2.963332
4.148666 -2.963332
1.947333 -2.878665
2.031999 -2.878665
2.116666 -2.878665
2.201333 -2.878665
2.624666 -2.878665
2.709333 -2.878665
2.793999 -2.878665
2.878666 -2.878665
2.963333 -2.878665
3.047999 -2.878665
3.132666 -2.878665
3.640666 -2.878665
3.725333 -2.878665
3.809999 -2.878665
3.894666 -2.878665
3.979333 -2.878665
4.063999 -2.878665
4.148666 -2.878665
4.233333 -2.878665
1.862666 -2.793999
1.947333 -2.793999
2.031999 -2.793999
2.116666 -2.793999
2.624666 -2.793999
2.709333 -2.793999
2.793999 -2.793999
2.878666 -2.793999
2.963333 -2.793999
3.047999 -2.793999
3.640666 -2.793999
3.725333 -2.793999
3.809999 -2.793999
3.894666 -2.793999
3.979333 -2.793999
4.063999 -2.793999
4.148666 -2.793999
4.233333 -2.793999
4.317999 -2.793999
1.777999 -2.709332
1.862666 -2.709332
1.947333 -2.709332
2.031999 -2.709332
2.116666 -2.709332
2.455333 -2.709332
2.539999 -2.709332
2.624666 -2.709332
2.709333 -2.709332
2.793999 -2.709332
2.878666 -2.709332
2.963333 -2.709332
3.471333 -2.709332
3.555999 -2.709332
3.640666 -2.709332
3.725333 -2.709332
3.809999 -2.709332
3.894666 -2.709332
3.979333 -2.709332
4.063999 -2.709332
4.148666 -2.709332
4.233333 -2.709332
1.777999 -2.624665
1.862666 -2.624665
1.947333 -2.624665
2.031999 -2.624665
2.370666 -2.624665
2.455333 -2.624665
2.539999 -2.624665
2.624666 -2.624665
2.709333 -2.624665
2.793999 -2.624665
2.878666 -2.624665
3.386666 -2.624665
3.471333 -2.624665
3.555999 -2.624665
3.640666 -2.624665
3.725333 -2.624665
3.809999 -2.624665
3.894666 -2.624665
3.979333 -2.624665
4.063999 -2.624665
4.148666 -2.624665
1.693333 -2.539999
1.777999 -2.539999
1.862666 -2.539999
1.947333 -2.539999
2.370666 -2.539999
2.455333 -2.539999
2.539999 -2.539999
2.624666 -2.539999
2.709333 -2.539999
2.793999 -2.539999
3.301999 -2.539999
3.386666 -2.539999
3.471333 -2.539999
3.555999 -2.539999
3.640666 -2.539999
3.725333 -2.539999
3.809999 -2.539999
3.894666 -2.539999
4.487333 -2.539999
1.693333 -2.455332
1.777999 -2.455332
1.862666 -2.455332
1.947333 -2.455332
2.285999 -2.455332
2.370666 -2.455332
2.455333 -2.455332
2.539999 -2.455332
2.624666 -2.455332
2.709333 -2.455332
3.217333 -2.455332
3.301999 -2.455332
3.386666 -2.455332
3.471333 -2.455332
3.555999 -2.455332
3.640666 -2.455332
3.725333 -2.455332
3.809999 -2.455332
4.402666 -2.455332
4.487333 -2.455332
4.571999 -2.455332
1.608666 -2.370665
1.693333 -2.370665
1.777999 -2.370665
1.862666 -2.370665
2.201333 -2.370665
2.285999 -2.370665
2.370666 -2.370665
2.455333 -2.370665
2.539999 -2.370665
3.047999 -2.370665
3.132666 -2.370665
3.217333 -2.370665
3.301999 -2.370665
3.386666 -2.370665
3.471333 -2.370665
3.555999 -2.370665
3.640666 -2.370665
4.317999 -2.370665
4.402666 -2.370665
4.487333 -2.370665
4.571999 -2.370665
1.523999 -2.285999
1.608666 -2.285999
1.693333 -2.285999
1.777999 -2.285999
2.116666 -2.285999
2.201333 -2.285999
2.285999 -2.285999
2.370666 -2.285999
2.455333 -2.285999
2.963333 -2.285999
3.047999 -2.285999
3.132666 -2.285999
3.217333 -2.285999
3.301999 -2.285999
3.386666 -2.285999
3.471333 -2.285999
3.555999 -2.285999
4.233333 -2.285999
4.317999 -2.285999
4.402666 -2.285999
4.487333 -2.285999
4.571999 -2.285999
4.656666 -2.285999
1.523999 -2.201332
1.608666 -2.201332
1.693333 -2.201332
2.031999 -2.201332
2.116666 -2.201332
2.201333 -2.201332
2.285999 -2.201332
2.370666 -2.201332
2.878666 -2.201332
2.963333 -2.201332
3.047999 -2.201332
3.132666 -2.201332
3.217333 -2.201332
3.301999 -2.201332
3.386666 -2.201332
4.063999 -2.201332
4.148666 -2.201332
4.233333 -2.201332
4.317999 -2.201332
4.402666 -2.201332
4.487333 -2.201332
4.571999 -2.201332
4.656666 -2.201332
1.523999 -2.116665
1.608666 -2.116665
1.693333 -2.116665
1.947333 -2.116665
2.031999 -2.116665
2.116666 -2.116665
2.201333 -2.116665
2.285999 -2.116665
2.370666 -2.116665
2.709333 -2.116665
2.793999 -2.116665
2.878666 -2.116665
2.963333 -2.116665
3.047999 -2.116665
3.132666 -2.116665
3.217333 -2.116665
3.301999 -2.116665
3.894666 -2.116665
3.979333 -2.116665
4.063999 -2.116665
4.148666 -2.116665
4.233333 -2.116665
4.317999 -2.116665
4.402666 -2.116665
4.487333 -2.116665
4.571999 -2.116665
1.439333 -2.031999
1.523999 -2.031999
1.608666 -2.031999
1.693333 -2.031999
1.947333 -2.031999
2.031999 -2.031999
2.116666 -2.031999
2.201333 -2.031999
2.285999 -2.031999
2.624666 -2.031999
2.709333 -2.031999
2.793999 -2.031999
2.878666 -2.031999
2.963333 -2.031999
3.047999 -2.031999
3.132666 -2.031999
3.725333 -2.031999
3.809999 -2.031999
3.894666 -2.031999
3.979333 -2.031999
4.063999 -2.031999
4.148666 -2.031999
4.233333 -2.031999
4.317999 -2.031999
4.402666 -2.031999
4.487333 -2.031999
4.571999 -2.031999
1.354666 -1.947332
1.439333 -1.947332
1.523999 -1.947332
1.608666 -1.947332
1.862666 -1.947332
1.947333 -1.947332
2.031999 -1.947332
2.116666 -1.947332
2.201333 -1.947332
2.455333 -1.947332
2.539999 -1.947332
2.624666 -1.947332
2.709333 -1.947332
2.793999 -1.947332
2.878666 -1.947332
2.963333 -1.947332
3.047999 -1.947332
3.640666 -1.947332
3.725333 -1.947332
3.809999 -1.947332
3.894666 -1.947332
3.979333 -1.947332
4.063999 -1.947332
4.148666 -1.947332
4.233333 -1.947332
4.317999 -1.947332
4.402666 -1.947332
4.487333 -1.947332
4.825999 -1.947332
4.910666 -1.947332
1.354666 -1.862665
1.439333 -1.862665
1.523999 -1.862665
1.777999 -1.862665
1.862666 -1.862665
1.947333 -1.862665
2.031999 -1.862665
2.116666 -1.862665
2.370666 -1.862665
2.455333 -1.862665
2.539999 -1.862665
2.624666 -1.862665
2.709333 -1.862665
2.793999 -1.862665
2.878666 -1.862665
3.386666 -1.862665
3.471333 -1.862665
3.555999 -1.862665
3.640666 -1.862665
3.725333 -1.862665
3.809999 -1.862665
3.894666 -1.862665
3.979333 -1.862665
4.063999 -1.862665
4.148666 -1.862665
4.233333 -1.862665
4.317999 -1.862665
4.402666 -1.862665
4.825999 -1.862665
4.910666 -1.862665
4.995333 -1.862665
1.269999 -1.777999
1.354666 -1.777999
1.439333 -1.777999
1.693333 -1.777999
1.777999 -1.777999
1.862666 -1.777999
1.947333 -1.777999
2.285999 -1.777999
2.370666 -1.777999
2.455333 -1.777999
2.539999 -1.777999
2.624666 -1.777999
2.709333 -1.777999
3.301999 -1.777999
3.386666 -1.777999
3.471333 -1.777999
3.555999 -1.777999
3.640666 -1.777999
3.725333 -1.777999
3.809999 -1.777999
3.894666 -1.777999
3.979333 -1.777999
4.063999 -1.777999
4.148666 -1.777999
4.825999 -1.777999
4.910666 -1.777999
4.995333 -1.777999
5.079999 -1.777999
1.269999 -1.693332
1.354666 -1.693332
1.439333 -1.693332
1.608666 -1.693332
1.693333 -1.693332
1.777999 -1.693332
1.862666 -1.693332
2.201333 -1.693332
2.285999 -1.693332
2.370666 -1.693332
2.455333 -1.693332
2.539999 -1.693332
3.047999 -1.693332
3.132666 -1.693332
3.217333 -1.693332
3.301999 -1.693332
3.386666 -1.693332
3.471333 -1.693332
3.555999 -1.693332
3.640666 -1.693332
3.725333 -1.693332
3.809999 -1.693332
3.894666 -1.693332
3.979333 -1.693332
4.741333 -1.693332
4.825999 -1.693332
4.910666 -1.693332
4.995333 -1.693332
5.079999 -1.693332
1.185333 -1.608665
1.269999 -1.608665
1.354666 -1.608665
1.523999 -1.608665
1.608666 -1.608665
1.693333 -1.608665
1.777999 -1.608665
2.116666 -1.608665
2.201333 -1.608665
2.285999 -1.608665
2.370666 -1.608665
2.455333 -1.608665
2.878666 -1.608665
2.963333 -1.608665
3.047999 -1.608665
3.132666 -1.608665
3.217333 -1.608665
3.301999 -1.608665
3.386666 -1.608665
3.471333 -1.608665
3.555999 -1.608665
3.640666 -1.608665
3.725333 -1.608665
4.741333 -1.608665
4.825999 -1.608665
4.910666 -1.608665
4.995333 -1.608665
5.079999 -1.608665
1.185333 -1.523999
1.269999 -1.523999
1.439333 -1.523999
1.523999 -1.523999
1.608666 -1.523999
1.693333 -1.523999
1.947333 -1.523999
2.031999 -1.523999
2.116666 -1.523999
2.201333 -1.523999
2.285999 -1.523999
2.709333 -1.523999
2.793999 -1.523999
2.878666 -1.523999
2.963333 -1.523999
3.047999 -1.523999
3.132666 -1.523999
3.217333 -1.523999
3.301999 -1.523999
3.386666 -1.523999
3.471333 -1.523999
3.555999 -1.523999
4.402666 -1.523999
4.487333 -1.523999
4.571999 -1.523999
4.656666 -1.523999
4.741333 -1.523999
4.825999 -1.523999
4.910666 -1.523999
4.995333 -1.523999
1.100666 -1.439332
1.185333 -1.439332
1.269999 -1.439332
1.354666 -1.439332
1.439333 -1.439332
1.523999 -1.439332
1.608666 -1.439332
1.777999 -1.439332
1.862666 -1.439332
1.947333 -1.439332
2.031999 -1.439332
2.116666 -1.439332
2.201333 -1.439332
2.539999 -1.439332
2.624666 -1.439332
2.709333 -1.439332
2.793999 -1.439332
2.878666 -1.439332
2.963333 -1.439332
3.047999 -1.439332
3.132666 -1.439332
3.217333 -1.439332
3.301999 -1.439332
4.148666 -1.439332
4.233333 -1.439332
4.317999 -1.439332
4.402666 -1.439332
4.487333 -1.439332
4.571999 -1.439332
4.656666 -1.439332
4.741333 -1.439332
4.825999 -1.439332
4.910666 -1.439332
4.995333 -1.439332
5.249333 -1.439332
1.015999 -1.354665
1.100666 -1.354665
1.185333 -1.354665
1.269999 -1.354665
1.354666 -1.354665
1.439333 -1.354665
1.523999 -1.354665
1.693333 -1.354665
1.777999 -1.354665
1.862666 -1.354665
1.947333 -1.354665
2.031999 -1.354665
2.370666 -1.354665
2.455333 -1.354665
2.539999 -1.354665
2.624666 -1.354665
2.709333 -1.354665
2.793999 -1.354665
2.878666 -1.354665
2.963333 -1.354665
3.047999 -1.354665
3.894666 -1.354665
3.979333 -1.354665
4.063999 -1.354665
4.148666 -1.354665
4.233333 -1.354665
4.317999 -1.354665
4.402666 -1.354665
4.487333 -1.354665
4.571999 -1.354665
4.656666 -1.354665
4.741333 -1.354665
4.825999 -1.354665
4.910666 -1.354665
4.995333 -1.354665
5.249333 -1.354665
5.333999 -1.354665
1.015999 -1.269999
1.100666 -1.269999
1.185333 -1.269999
1.269999 -1.269999
1.354666 -1.269999
1.439333 -1.269999
1.608666 -1.269999
1.693333 -1.269999
1.777999 -1.269999
1.862666 -1.269999
2.201333 -1.269999
2.285999 -1.269999
2.370666 -1.269999
2.455333 -1.269999
2.539999 -1.269999
2.624666 -1.269999
2.709333 -1.269999
2.793999 -1.269999
3.555999 -1.269999
3.640666 -1.269999
3.725333 -1.269999
3.809999 -1.269999
3.894666 -1.269999
3.979333 -1.269999
4.063999 -1.269999
4.148666 -1.269999
4.233333 -1.269999
4.317999 -1.269999
4.402666 -1.269999
4.487333 -1.269999
4.571999 -1.269999
4.656666 -1.269999
4.741333 -1.269999
4.825999 -1.269999
4.910666 -1.269999
4.995333 -1.269999
5.249333 -1.269999
5.333999 -1.269999
0.931333 -1.185332
1.015999 -1.185332
1.100666 -1.185332
1.185333 -1.185332
1.269999 -1.185332
1.439333 -1.185332
1.523999 -1.185332
1.608666 -1.185332
1.693333 -1.185332
1.777999 -1.185332
2.031999 -1.185332
2.116666 -1.185332
2.201333 -1.185332
2.285999 -1.185332
2.370666 -1.185332
2.455333 -1.185332
2.539999 -1.185332
2.624666 -1.185332
3.217333 -1.185332
3.301999 -1.185332
3.386666 -1.185332
3.471333 -1.185332
3.555999 -1.185332
3.640666 -1.185332
3.725333 -1.185332
3.809999 -1.185332
3.894666 -1.185332
3.979333 -1.185332
4.063999 -1.185332
4.148666 -1.185332
4.233333 -1.185332
4.317999 -1.185332
4.402666 -1.185332
4.487333 -1.185332
4.571999 -1.185332
4.656666 -1.185332
4.741333 -1.185332
4.825999 -1.185332
4.910666 -1.185332
5.249333 -1.185332
5.333999 -1.185332
5.418666 -1.185332
0.846666 -1.100665
0.931333 -1.100665
1.015999 -1.100665
1.100666 -1.100665
1.185333 -1.100665
1.269999 -1.100665
1.439333 -1.100665
1.523999 -1.100665
1.608666 -1.100665
1.693333 -1.100665
1.862666 -1.100665
1.947333 -1.100665
2.031999 -1.100665
2.116666 -1.100665
2.201333 -1.100665
2.285999 -1.100665
2.370666 -1.100665
2.963333 -1.100665
3.047999 -1.100665
3.132666 -1.100665
3.217333 -1.100665
3.301999 -1.100665
3.386666 -1.100665
3.471333 -1.100665
3.555999 -1.100665
3.640666 -1.100665
3.725333 -1.100665
3.809999 -1.100665
3.894666 -1.100665
3.979333 -1.100665
4.063999 -1.100665
4.148666 -1.100665
4.233333 -1.100665
4.317999 -1.100665
4.402666 -1.100665
4.487333 -1.100665
4.571999 -1.100665
4.656666 -1.100665
4.741333 -1.100665
5.249333 -1.100665
5.333999 -1.100665
5.418666 -1.100665
0.846666 -1.015999
0.931333 -1.015999
1.015999 -1.015999
1.100666 -1.015999
1.185333 -1.015999
1.269999 -1.015999
1.354666 -1.015999
1.439333 -1.015999
1.523999 -1.015999
1.693333 -1.015999
1.777999 -1.015999
1.862666 -1.015999
1.947333 -1.015999
2.031999 -1.015999
2.116666 -1.015999
2.201333 -1.015999
2.709333 -1.015999
2.793999 -1.015999
2.878666 -1.015999
2.963333 -1.015999
3.047999 -1.015999
3.132666 -1.015999
3.217333 -1.015999
3.301999 -1.015999
3.386666 -1.015999
3.471333 -1.015999
3.555999 -1.015999
3.640666 -1.015999
3.725333 -1.015999
3.809999 -1.015999
3.894666 -1.015999
3.979333 -1.015999
4.063999 -1.015999
4.148666 -1.015999
4.233333 -1.015999
4.317999 -1.015999
5.249333 -1.015999
5.333999 -1.015999
5.418666 -1.015999
0.761999 -0.931332
0.846666 -0.931332
0.931333 -0.931332
1.015999 -0.931332
1.100666 -0.931332
1.185333 -0.931332
1.269999 -0.931332
1.354666 -0.931332
1.439333 -0.931332
1.523999 -0.931332
1.608666 -0.931332
1.693333 -0.931332
1.777999 -0.931332
1.862666 -0.931332
1.947333 -0.931332
2.370666 -0.931332
2.455333 -0.931332
2.539999 -0.931332
2.624666 -0.931332
2.709333 -0.931332
2.793999 -0.931332
2.878666 -0.931332
2.963333 -0.931332
3.047999 -0.931332
3.132666 -0.931332
3.217333 -0.931332
3.301999 -0.931332
3.386666 -0.931332
3.471333 -0.931332
3.555999 -0.931332
3.640666 -0.931332
3.725333 -0.931332
5.249333 -0.931332
5.333999 -0.931332
5.418666 -0.931332
0.761999 -0.846665
0.846666 -0.846665
0.931333 -0.846665
1.015999 -0.846665
1.100666 -0.846665
1.185333 -0.846665
1.269999 -0.846665
1.354666 -0.846665
1.439333 -0.846665
1.523999 -0.846665
1.608666 -0.846665
1.693333 -0.846665
2.031999 -0.846665
2.116666 -0.846665
2.201333 -0.846665
2.285999 -0.846665
2.370666 -0.846665
2.455333 -0.846665
2.539999 -0.846665
2.624666 -0.846665
2.709333 -0.846665
2.793999 -0.846665
2.878666 -0.846665
2.963333 -0.846665
3.047999 -0.846665
3.132666 -0.846665
3.217333 -0.846665
3.301999 -0.846665
3.386666 -0.846665
5.249333 -0.846665
5.333999 -0.846665
5.418666 -0.846665
0.677333 -0.761999
0.761999 -0.761999
0.846666 -0.761999
0.931333 -0.761999
1.015999 -0.761999
1.100666 -0.761999
1.185333 -0.761999
1.269999 -0.761999
1.354666 -0.761999
1.439333 -0.761999
1.523999 -0.761999
1.693333 -0.761999
1.777999 -0.761999
1.862666 -0.761999
1.947333 -0.761999
2.031999 -0.761999
2.116666 -0.761999
2.201333 -0.761999
2.285999 -0.761999
2.370666 -0.761999
2.455333 -0.761999
2.539999 -0.761999
2.624666 -0.761999
2.709333 -0.761999
2.793999 -0.761999
4.317999 -0.761999
4.402666 -0.761999
4.487333 -0.761999
4.571999 -0.761999
4.656666 -0.761999
4.741333 -0.761999
4.825999 -0.761999
4.910666 -0.761999
4.995333 -0.761999
5.079999 -0.761999
5.164666 -0.761999
5.249333 -0.761999
5.333999 -0.761999
5.418666 -0.761999
0.592666 -0.677332
0.677333 -0.677332
0.761999 -0.677332
0.846666 -0.677332
0.931333 -0.677332
1.015999 -0.677332
1.100666 -0.677332
1.185333 -0.677332
1.269999 -0.677332
1.354666 -0.677332
1.439333 -0.677332
1.523999 -0.677332
1.608666 -0.677332
1.693333 -0.677332
1.777999 -0.677332
1.862666 -0.677332
1.947333 -0.677332
2.031999 -0.677332
2.116666 -0.677332
2.201333 -0.677332
2.285999 -0.677332
2.370666 -0.677332
3.386666 -0.677332
3.471333 -0.677332
3.555999 -0.677332
3.640666 -0.677332
3.725333 -0.677332
3.809999 -0.677332
3.894666 -0.677332
3.979333 -0.677332
4.063999 -0.677332
4.148666 -0.677332
4.233333 -0.677332
4.317999 -0.677332
4.402666 -0.677332
4.487333 -0.677332
4.571999 -0.677332
4.656666 -0.677332
4.741333 -0.677332
4.825999 -0.677332
4.910666 -0.677332
4.995333 -0.677332
5.079999 -0.677332
5.164666 -0.677332
5.249333 -0.677332
5.333999 -0.677332
5.418666 -0.677332
0.592666 -0.592665
0.677333 -0.592665
0.761999 -0.592665
0.846666 -0.592665
0.931333 -0.592665
1.015999 -0.592665
1.100666 -0.592665
1.185333 -0.592665
1.269999 -0.592665
1.354666 -0.592665
1.439333 -0.592665
1.523999 -0.592665
1.608666 -0.592665
1.693333 -0.592665
1.777999 -0.592665
1.862666 -0.592665
2.455333 -0.592665
2.539999 -0.592665
2.624666 -0.592665
2.709333 -0.592665
2.793999 -0.592665
2.878666 -0.592665
2.963333 -0.592665
3.047999 -0.592665
3.132666 -0.592665
3.217333 -0.592665
3.301999 -0.592665
3.386666 -0.592665
3.471333 -0.592665
3.555999 -0.592665
3.640666 -0.592665
3.725333 -0.592665
3.809999 -0.592665
3.894666 -0.592665
3.979333 -0.592665
4.063999 -0.592665
4.148666 -0.592665
4.233333 -0.592665
4.317999 -0.592665
4.402666 -0.592665
4.487333 -0.592665
4.571999 -0.592665
4.656666 -0.592665
4.741333 -0.592665
4.825999 -0.592665
4.910666 -0.592665
4.995333 -0.592665
5.079999 -0.592665
5.164666 -0.592665
5.249333 -0.592665
5.333999 -0.592665
5.418666 -0.592665
0.507999 -0.507999
0.592666 -0.507999
0.677333 -0.507999
0.761999 -0.507999
0.846666 -0.507999
0.931333 -0.507999
1.015999 -0.507999
1.100666 -0.507999
1.185333 -0.507999
1.269999 -0.507999
1.354666 -0.507999
1.439333 -0.507999
1.523999 -0.507999
1.608666 -0.507999
1.693333 -0.507999
1.777999 -0.507999
1.862666 -0.507999
1.947333 -0.507999
2.031999 -0.507999
2.116666 -0.507999
2.201333 -0.507999
2.285999 -0.507999
2.370666 -0.507999
2.455333 -0.507999
2.539999 -0.507999
2.624666 -0.507999
2.709333 -0.507999
2.793999 -0.507999
2.878666 -0.507999
2.963333 -0.507999
3.047999 -0.507999
3.132666 -0.507999
3.217333 -0.507999
3.301999 -0.507999
3.386666 -0.507999
3.471333 -0.507999
3.555999 -0.507999
3.640666 -0.507999
3.725333 -0.507999
3.809999 -0.507999
3.894666 -0.507999
3.979333 -0.507999
4.063999 -0.507999
4.148666 -0.507999
4.233333 -0.507999
4.317999 -0.507999
4.402666 -0.507999
4.487333 -0.507999
4.571999 -0.507999
4.656666 -0.507999
4.741333 -0.507999
4.825999 -0.507999
4.910666 -0.507999
4.995333 -0.507999
5.079999 -0.507999
5.164666 -0.507999
5.249333 -0.507999
5.333999 -0.507999
5.418666 -0.507999
0.507999 -0.423332
0.592666 -0.423332
0.677333 -0.423332
0.761999 -0.423332
0.846666 -0.423332
0.931333 -0.423332
1.015999 -0.423332
1.100666 -0.423332
1.185333 -0.423332
1.269999 -0.423332
1.354666 -0.423332
1.439333 -0.423332
1.523999 -0.423332
1.608666 -0.423332
1.693333 -0.423332
1.777999 -0.423332
1.862666 -0.423332
1.947333 -0.423332
2.031999 -0.423332
2.116666 -0.423332
2.201333 -0.423332
2.285999 -0.423332
2.370666 -0.423332
2.455333 -0.423332
2.539999 -0.423332
2.624666 -0.423332
2.709333 -0.423332
2.793999 -0.423332
2.878666 -0.423332
2.963333 -0.423332
3.047999 -0.423332
3.132666 -0.423332
3.217333 -0.423332
3.301999 -0.423332
3.386666 -0.423332
3.471333 -0.423332
3.555999 -0.423332
3.640666 -0.423332
3.725333 -0.423332
3.809999 -0.423332
3.894666 -0.423332
3.979333 -0.423332
4.063999 -0.423332
4.148666 -0.423332
4.233333 -0.423332
4.317999 -0.423332
4.402666 -0.423332
4.487333 -0.423332
4.571999 -0.423332
4.656666 -0.423332
4.741333 -0.423332
4.825999 -0.423332
4.910666 -0.423332
4.995333 -0.423332
5.079999 -0.423332
5.164666 -0.423332
5.249333 -0.423332
5.333999 -0.423332
0.507999 -0.169332
0.592666 -0.169332
0.677333 -0.169332
0.761999 -0.169332
0.846666 -0.169332
1.439333 -0.169332
1.523999 -0.169332
1.608666 -0.169332
1.693333 -0.169332
2.031999 -0.169332
2.116666 -0.169332
2.201333 -0.169332
2.285999 -0.169332
2.370666 -0.169332
2.455333 -0.169332
3.894666 -0.169332
3.979333 -0.169332
0.507999 -0.084665
0.592666 -0.084665
0.677333 -0.084665
0.761999 -0.084665
0.846666 -0.084665
0.931333 -0.084665
1.015999 -0.084665
1.185333 -0.084665
1.269999 -0.084665
1.354666 -0.084665
1.439333 -0.084665
1.523999 -0.084665
1.608666 -0.084665
1.693333 -0.084665
2.031999 -0.084665
2.116666 -0.084665
2.201333 -0.084665
2.285999 -0.084665
2.370666 -0.084665
2.539999 -0.084665
2.624666 -0.084665
2.709333 -0.084665
2.793999 -0.084665
3.132666 -0.084665
3.217333 -0.084665
3.301999 -0.084665
3.555999 -0.084665
3.640666 -0.084665
3.725333 -0.084665
3.809999 -0.084665
3.894666 -0.084665
3.979333 -0.084665
4.063999 -0.084665
4.148666 -0.084665
4.233333 -0.084665
4.317999 -0.084665
4.402666 -0.084665
4.487333 -0.084665
4.656666 -0.084665
4.741333 -0.084665
4.910666 -0.084665
4.995333 -0.084665
5.079999 -0.084665
5.164666 -0.084665
5.249333 -0.084665
5.333999 -0.084665
5.418666 -0.084665
0.507999 0.000001
0.592666 0.000001
0.677333 0.000001
0.761999 0.000001
0.846666 0.000001
0.931333 0.000001
1.015999 0.000001
1.185333 0.000001
1.269999 0.000001
1.354666 0.000001
1.439333 0.000001
1.523999 0.000001
1.608666 0.000001
1.693333 0.000001
2.031999 0.000001
2.116666 0.000001
2.201333 0.000001
2.285999 0.000001
2.370666 0.000001
2.539999 0.000001
2.624666 0.000001
2.709333 0.000001
2.793999 0.000001
2.878666 0.000001
2.963333 0.000001
3.047999 0.000001
3.132666 0.000001
3.217333 0.000001
3.301999 0.000001
3.386666 0.000001
3.471333 0.000001
3.555999 0.000001
3.640666 0.000001
3.725333 0.000001
3.809999 0.000001
3.894666 0.000001
3.979333 0.000001
4.063999 0.000001
4.148666 0.000001
4.233333 0.000001
4.317999 0.000001
4.402666 0.000001
4.487333 0.000001
4.656666 0.000001
4.741333 0.000001
4.910666 0.000001
4.995333 0.000001
5.079999 0.000001
5.164666 0.000001
5.249333 0.000001
5.333999 0.000001
5.418666 0.000001
5.503333 0.000001
0.507999 0.084668
0.592666 0.084668
0.677333 0.084668
0.761999 0.084668
0.846666 0.084668
0.931333 0.084668
1.015999 0.084668
1.185333 0.084668
1.269999 0.084668
1.354666 0.084668
1.439333 0.084668
1.523999 0.084668
1.608666 0.084668
1.693333 0.084668
2.031999 0.084668
2.116666 0.084668
2.201333 0.084668
2.285999 0.084668
2.370666 0.084668
2.455333 0.084668
2.539999 0.084668
2.624666 0.084668
2.793999 0.084668
2.878666 0.084668
2.963333 0.084668
3.047999 0.084668
3.132666 0.084668
3.217333 0.084668
3.301999 0.084668
3.386666 0.084668
3.471333 0.084668
3.555999 0.084668
3.725333 0.084668
3.894666 0.084668
3.979333 0.084668
4.148666 0.084668
4.233333 0.084668
4.402666 0.084668
4.487333 0.084668
4.656666 0.084668
4.741333 0.084668
4.910666 0.084668
4.995333 0.084668
5.079999 0.084668
5.164666 0.084668
5.249333 0.084668
5.333999 0.084668
5.418666 0.084668
5.503333 0.084668
0.507999 0.169335
0.592666 0.169335
0.931333 0.169335
1.015999 0.169335
1.100666 0.169335
1.185333 0.169335
1.269999 0.169335
1.354666 0.169335
1.439333 0.169335
1.523999 0.169335
1.608666 0.169335
1.693333 0.169335
2.031999 0.169335
2.116666 0.169335
2.285999 0.169335
2.370666 0.169335
2.455333 0.169335
2.539999 0.169335
2.624666 0.169335
2.793999 0.169335
2.878666 0.169335
2.963333 0.169335
3.047999 0.169335
3.132666 0.169335
3.217333 0.169335
3.301999 0.169335
3.386666 0.169335
3.471333 0.169335
3.555999 0.169335
3.725333 0.169335
3.894666 0.169335
3.979333 0.169335
4.148666 0.169335
4.233333 0.169335
4.402666 0.169335
4.487333 0.169335
4.656666 0.169335
4.741333 0.169335
4.910666 0.169335
4.995333 0.169335
5.079999 0.169335
5.164666 0.169335
5.249333 0.169335
5.333999 0.169335
5.418666 0.169335
5.503333 0.169335
0.507999 0.254001
0.592666 0.254001
0.931333 0.254001
1.015999 0.254001
1.100666 0.254001
1.185333 0.254001
1.269999 0.254001
1.354666 0.254001
1.439333 0.254001
1.523999 0.254001
1.608666 0.254001
1.693333 0.254001
2.031999 0.254001
2.116666 0.254001
2.201333 0.254001
2.285999 0.254001
2.370666 0.254001
2.455333 0.254001
2.539999 0.254001
2.624666 0.254001
2.709333 0.254001
2.793999 0.254001
2.878666 0.254001
2.963333 0.254001
3.047999 0.254001
3.132666 0.254001
3.217333 0.254001
3.301999 0.254001
3.386666 0.254001
3.471333 0.254001
3.555999 0.254001
3.640666 0.254001
3.725333 0.254001
3.809999 0.254001
3.894666 0.254001
3.979333 0.254001
4.063999 0.254001
4.148666 0.254001
4.233333 0.254001
4.402666 0.254001
4.487333 0.254001
4.571999 0.254001
4.656666 0.254001
4.741333 0.254001
4.910666 0.254001
4.995333 0.254001
5.079999 0.254001
5.164666 0.254001
5.249333 0.254001
5.333999 0.254001
5.418666 0.254001
5.503333 0.254001
0.507999 0.338668
0.592666 0.338668
1.015999 0.338668
1.100666 0.338668
1.185333 0.338668
1.269999 0.338668
1.354666 0.338668
1.439333 0.338668
1.523999 0.338668
1.608666 0.338668
1.693333 0.338668
2.116666 0.338668
2.201333 0.338668
2.285999 0.338668
2.370666 0.338668
2.539999 0.338668
2.624666 0.338668
2.709333 0.338668
2.793999 0.338668
3.047999 0.338668
3.132666 0.338668
3.217333 0.338668
3.301999 0.338668
3.471333 0.338668
3.555999 0.338668
3.640666 0.338668
3.725333 0.338668
3.894666 0.338668
3.979333 0.338668
4.063999 0.338668
4.148666 0.338668
4.233333 0.338668
4.402666 0.338668
4.487333 0.338668
4.571999 0.338668
4.656666 0.338668
4.741333 0.338668
4.910666 0.338668
4.995333 0.338668
5.079999 0.338668
5.164666 0.338668
5.249333 0.338668
5.333999 0.338668
5.418666 0.338668
5.503333 0.338668
2.539999 0.423335
2.624666 0.423335
0.677333 0.508001
0.761999 0.508001
0.846666 0.508001
0.931333 0.508001
1.015999 0.508001
1.100666 0.508001
1.185333 0.508001
1.269999 0.508001
1.354666 0.508001
1.439333 0.508001
1.523999 0.508001
1.608666 0.508001
1.693333 0.508001
1.777999 0.508001
1.862666 0.508001
1.947333 0.508001
2.031999 0.508001
2.116666 0.508001
2.201333 0.508001
2.285999 0.508001
2.370666 0.508001
2.455333 0.508001
2.539999 0.508001
2.624666 0.508001
2.709333 0.508001
2.793999 0.508001
2.878666 0.508001
2.963333 0.508001
3.047999 0.508001
3.132666 0.508001
3.217333 0.508001
3.301999 0.508001
3.386666 0.508001
3.471333 0.508001
3.555999 0.508001
3.640666 0.508001
3.725333 0.508001
3.809999 0.508001
3.894666 0.508001
3.979333 0.508001
4.063999 0.508001
4.148666 0.508001
4.233333 0.508001
4.317999 0.508001
4.402666 0.508001
4.487333 0.508001
4.571999 0.508001
4.656666 0.508001
4.741333 0.508001
4.825999 0.508001
4.910666 0.508001
4.995333 0.508001
5.079999 0.508001
5.164666 0.508001
5.249333 0.508001
0.507999 0.592668
0.592666 0.592668
0.677333 0.592668
0.761999 0.592668
0.846666 0.592668
0.931333 0.592668
1.015999 0.592668
1.100666 0.592668
1.185333 0.592668
1.269999 0.592668
1.354666 0.592668
1.439333 0.592668
1.523999 0.592668
1.608666 0.592668
1.693333 0.592668
1.777999 0.592668
1.862666 0.592668
1.947333 0.592668
2.031999 0.592668
2.116666 0.592668
2.201333 0.592668
2.285999 0.592668
2.370666 0.592668
2.455333 0.592668
2.539999 0.592668
2.624666 0.592668
2.709333 0.592668
2.793999 0.592668
2.878666 0.592668
2.963333 0.592668
3.047999 0.592668
3.132666 0.592668
3.217333 0.592668
3.301999 0.592668
3.386666 0.592668
3.471333 0.592668
3.555999 0.592668
3.640666 0.592668
3.725333 0.592668
3.809999 0.592668
3.894666 0.592668
3.979333 0.592668
4.063999 0.592668
4.148666 0.592668
4.233333 0.592668
4.317999 0.592668
4.402666 0.592668
4.487333 0.592668
4.571999 0.592668
4.656666 0.592668
4.741333 0.592668
4.825999 0.592668
4.910666 0.592668
4.995333 0.592668
5.079999 0.592668
5.164666 0.592668
5.249333 0.592668
5.333999 0.592668
5.418666 0.592668
5.503333 0.592668
1.185333 0.762001
1.269999 0.762001
2.116666 0.762001
2.201333 0.762001
2.878666 0.762001
2.963333 0.762001
3.047999 0.762001
3.132666 0.762001
3.217333 0.762001
3.640666 0.762001
3.725333 0.762001
3.809999 0.762001
3.894666 0.762001
3.979333 0.762001
4.487333 0.762001
4.571999 0.762001
4.656666 0.762001
4.741333 0.762001
4.825999 0.762001
1.185333 0.846668
1.269999 0.846668
2.031999 0.846668
2.116666 0.846668
2.201333 0.846668
2.793999 0.846668
2.878666 0.846668
2.963333 0.846668
3.047999 0.846668
3.132666 0.846668
3.640666 0.846668
3.725333 0.846668
3.809999 0.846668
3.894666 0.846668
3.979333 0.846668
4.487333 0.846668
4.571999 0.846668
4.656666 0.846668
4.741333 0.846668
4.825999 0.846668
1.185333 0.931335
1.269999 0.931335
2.031999 0.931335
2.116666 0.931335
2.201333 0.931335
2.285999 0.931335
2.793999 0.931335
2.878666 0.931335
2.963333 0.931335
3.047999 0.931335
3.132666 0.931335
3.640666 0.931335
3.725333 0.931335
3.809999 0.931335
3.894666 0.931335
3.979333 0.931335
4.487333 0.931335
4.571999 0.931335
4.656666 0.931335
4.741333 0.931335
4.825999 0.931335
1.185333 1.016001
1.269999 1.016001
1.947333 1.016001
2.031999 1.016001
2.116666 1.016001
2.201333 1.016001
2.285999 1.016001
2.370666 1.016001
2.878666 1.016001
2.963333 1.016001
3.047999 1.016001
3.132666 1.016001
3.217333 1.016001
3.640666 1.016001
3.725333 1.016001
3.809999 1.016001
3.894666 1.016001
3.979333 1.016001
4.487333 1.016001
4.571999 1.016001
4.656666 1.016001
4.741333 1.016001
4.825999 1.016001
1.185333 1.100668
1.269999 1.100668
1.354666 1.100668
1.439333 1.100668
1.523999 1.100668
1.947333 1.100668
2.031999 1.100668
2.116666 1.100668
2.201333 1.100668
2.285999 1.100668
2.370666 1.100668
2.793999 1.100668
2.878666 1.100668
2.963333 1.100668
3.047999 1.100668
3.132666 1.100668
3.217333 1.100668
3.640666 1.100668
3.725333 1.100668
3.809999 1.100668
3.894666 1.100668
3.979333 1.100668
4.487333 1.100668
4.571999 1.100668
4.656666 1.100668
4.741333 1.100668
4.825999 1.100668
1.185333 1.185335
1.269999 1.185335
1.354666 1.185335
1.439333 1.185335
1.523999 1.185335
1.947333 1.185335
2.031999 1.185335
2.285999 1.185335
2.370666 1.185335
2.878666 1.185335
2.963333 1.185335
3.047999 1.185335
3.132666 1.185335
3.640666 1.185335
3.725333 1.185335
3.809999 1.185335
3.894666 1.185335
3.979333 1.185335
4.487333 1.185335
4.571999 1.185335
4.741333 1.185335
4.825999 1.185335
